,bone_AJ_r1,bone_AJ_r2,bone_BL_r6,bone_BL_r7,bone_NOD_r1,bone_NOD_r2,bone_NOD_r3,brain_AJ_r1,brain_AJ_r2,brain_BL_r1,brain_BL_r2,brain_BL_r3,brain_BL_r4,brain_BL_r5,brain_BL_r6,brain_BL_r7,brain_BL_r8,brain_BL_r9,brain_SJL_r1,brain_SJL_r2,brain_SJL_r3,brain_SJL_r4,brain_SJL_r5,eye_AJ_r1,eye_AJ_r2,eye_BL_r1,eye_BL_r2,eye_BL_r3,eye_BL_r4,eye_NOD_r1,eye_NOD_r2,eye_NOD_r3,eye_NOD_r4,eye_SJL_r1,eye_SJL_r2,eye_SJL_r3,fat_BL_r1,fat_BL_r2,fat_NOD_r1,fat_NOD_r2,heart_BL_r1,heart_BL_r2,heart_BL_r3,heart_BL_r4,heart_BL_r5,heart_BL_r6,heart_BL_r7,heart_NOD_r1,heart_NOD_r2,heart_NOD_r3,heart_SJL_r1,heart_SJL_r2,heart_SJL_r3,kidney_AJ_r1,kidney_AJ_r2,kidney_BL_r1,kidney_BL_r10,kidney_BL_r2,kidney_BL_r3,kidney_BL_r4,kidney_BL_r5,kidney_BL_r6,kidney_BL_r7,kidney_BL_r8,kidney_BL_r9,kidney_NOD_r1,kidney_NOD_r2,kidney_NOD_r3,kidney_NOD_r4,kidney_SJL_r1,kidney_SJL_r2,kidney_SJL_r3,kidney_SJL_r4,kidney_SJL_r5,liver_AJ_r1,liver_AJ_r2,liver_BL_r1,liver_BL_r10,liver_BL_r11,liver_BL_r12,liver_BL_r13,liver_BL_r14,liver_BL_r2,liver_BL_r3,liver_BL_r4,liver_BL_r5,liver_BL_r6,liver_BL_r7,liver_BL_r8,liver_BL_r9,liver_NOD_r1,liver_NOD_r2,liver_NOD_r3,liver_SJL_r1,liver_SJL_r2,liver_SJL_r3,lung_AJ_r1,lung_AJ_r2,lung_AJ_r3,lung_BL_r1,lung_BL_r2,lung_BL_r3,lung_BL_r4,lung_BL_r5,lung_NOD_r1,lung_NOD_r2,lung_NOD_r3,lung_NOD_r4,lung_NOD_r5,lung_NOD_r6,lung_SJL_r1,lung_SJL_r2,lung_SJL_r3,muscle_AJ_r1,muscle_BL_r1,muscle_BL_r2,muscle_BL_r3,muscle_NOD_r1,muscle_NOD_r2,muscle_NOD_r3,muscle_SJL_r1,muscle_SJL_r2,muscle_SJL_r3,pancreas_AJ_r1,pancreas_AJ_r2,pancreas_BL_r1,pancreas_BL_r2,pancreas_BL_r3,pancreas_BL_r4,pancreas_NOD_r1,pancreas_NOD_r2,pancreas_SJL_r1,pancreas_SJL_r2,pancreas_SJL_r3,small.intestine_AJ_r1,small.intestine_BL_r1,small.intestine_BL_r2,small.intestine_BL_r3,small.intestine_BL_r4,small.intestine_BL_r5,small.intestine_BL_r6,small.intestine_BL_r7,small.intestine_BL_r8,small.intestine_NOD_r1,small.intestine_NOD_r2,small.intestine_SJL_r1,small.intestine_SJL_r2,small.intestine_SJL_r3,spleen_AJ_r1,spleen_AJ_r2,spleen_BL_r1,spleen_BL_r2,spleen_BL_r3,spleen_BL_r4,spleen_NOD_r1,spleen_NOD_r2,spleen_SJL_r1,spleen_SJL_r2,spleen_SJL_r3,testis_BL_r1,testis_BL_r2,,
bone_AJ_r1,1,0.724658607,0.257288728,0.28094638,0.551844471,0.667908518,0.579992281,0.185343141,0.153867989,0.177794336,0.191316313,0.187270742,0.18481313,0.165998176,0.179784449,0.175326324,0.22950976,0.194609128,0.172081346,0.194907632,0.163327381,0.182694041,0.176993873,0.193607246,0.145240376,0.408176312,0.435325878,0.356429683,0.453322742,0.073917741,0.068297772,0.076957985,0.073996632,0.022704695,0.029778463,0.024655869,0.233965031,0.233235062,0.303849376,0.237034142,0.148715939,0.170447581,0.14032763,0.132431874,0.168846192,0.144409977,0.133213968,0.171034143,0.17216327,0.176715576,0.151600496,0.180742573,0.144109938,0.218798387,0.201448556,0.198966295,0.11720364,0.228030697,0.139398144,0.195363181,0.20128978,0.189370316,0.18966282,0.198927452,0.209106976,0.18735123,0.17953116,0.190031146,0.174881554,0.189217639,0.179395413,0.216355988,0.177910367,0.179612622,0.135833372,0.125521858,0.100410852,0.112230798,0.127848398,0.140501692,0.133763577,0.135072852,0.132965824,0.157109764,0.134770119,0.132747007,0.102572776,0.092634173,0.097185545,0.111647051,0.07658931,0.074032646,0.069353346,0.082690237,0.093920278,0.076203141,0.295443645,0.265994028,0.393114335,0.178276948,0.199369588,0.189984536,0.193391588,0.176335465,0.179572395,0.191474265,0.176706904,0.197692917,0.185465961,0.167975537,0.149200608,0.164346739,0.153057408,0.74393814,0.604160584,0.138068638,0.618981001,0.558214264,0.780701715,0.532491924,0.59536788,0.637496134,0.61340618,0.143533489,0.123690807,0.08282235,0.099151842,0.070854019,0.074905311,0.067790211,0.064819468,0.086053179,0.090361141,0.084229429,0.212583186,0.25901996,0.227913498,0.555647359,0.172617259,0.187380181,0.197990788,0.23310708,0.168820709,0.311457049,0.307212299,0.143620613,0.194024756,0.147478324,0.238240485,0.203089754,0.164846608,0.382567989,0.14243235,0.146458761,0.154174883,0.139002153,0.136101953,0.137372513,0.143295224,0.2250801,0.218329905,,
bone_AJ_r2,0.724658607,1,0.203691596,0.223469865,0.809402892,0.788962028,0.413297903,0.138242434,0.168200355,0.127723106,0.136090614,0.129815296,0.120372506,0.125437741,0.133592027,0.131122748,0.16140544,0.137494167,0.116693168,0.133932239,0.116449455,0.138599299,0.143005545,0.151068558,0.129909823,0.279176122,0.29498555,0.28479457,0.318825343,0.053052501,0.038228227,0.058668846,0.05531281,0.012513199,0.014768908,0.015969071,0.181180088,0.180083223,0.254230244,0.151294915,0.445713827,0.590258641,0.360161886,0.118526793,0.38973949,0.405343413,0.139357953,0.435528321,0.157892784,0.393099272,0.130346316,0.155350797,0.343621254,0.183042571,0.186356932,0.177568627,0.097553392,0.185401851,0.108661547,0.167489436,0.169246128,0.161080867,0.171237962,0.166948438,0.192058587,0.151214791,0.147415451,0.156555801,0.138028597,0.157954868,0.147979167,0.187545933,0.148631863,0.149295302,0.108442145,0.113368334,0.084307464,0.085258208,0.10198723,0.11554401,0.105875541,0.113718163,0.10648283,0.125024828,0.10066688,0.102434406,0.083252916,0.083287077,0.076550844,0.09016856,0.059790744,0.054937684,0.057328092,0.064053125,0.076847985,0.065559441,0.247992597,0.233836501,0.81236297,0.160475547,0.188618514,0.179654681,0.1804397,0.161442496,0.151298209,0.157359345,0.156553103,0.17920263,0.161622481,0.14767644,0.122488991,0.141166967,0.126280763,0.565137637,0.735838225,0.105181123,0.444105245,0.808061562,0.60677472,0.689572825,0.76916259,0.732661373,0.438130903,0.114124079,0.131885438,0.063594654,0.074970978,0.061829172,0.060801084,0.058823148,0.054851839,0.06518503,0.067358765,0.066290421,0.176114677,0.220735681,0.183048893,0.439300336,0.148705434,0.158323888,0.164114582,0.191625358,0.146831258,0.239094767,0.234969142,0.107156846,0.15867213,0.117669614,0.199661835,0.206590324,0.156864294,0.263636008,0.130926374,0.131399941,0.140870473,0.119902999,0.11651789,0.137611096,0.126859587,0.193018003,0.177037228,,
bone_BL_r6,0.257288728,0.203691596,1,0.842663918,0.108625287,0.153059715,0.125651749,0.6636698,0.616017127,0.634599122,0.702375753,0.648401336,0.633350225,0.659042411,0.65178037,0.646761034,0.719912054,0.72093372,0.618057899,0.72862935,0.722723474,0.67555665,0.69503001,0.098996491,0.075921761,0.337196782,0.353613301,0.30287766,0.394432975,0.039490101,0.034174104,0.047747389,0.047037906,0.02176909,0.018623516,0.026916068,0.205041308,0.226001791,0.262527933,0.138997433,0.156360793,0.166063801,0.15494779,0.148142571,0.179359744,0.160241952,0.140135042,0.180182148,0.167559823,0.181842656,0.188556486,0.198491555,0.149645474,0.343452705,0.323443636,0.387417321,0.194106128,0.43099857,0.214124496,0.388668692,0.391361482,0.381150506,0.383356526,0.392265983,0.381614699,0.38377692,0.378188468,0.385177859,0.378737364,0.388435217,0.390378418,0.410446454,0.386125264,0.382615182,0.175725012,0.178870964,0.170523778,0.157711431,0.194355637,0.189903531,0.189735565,0.193967465,0.180004831,0.220272706,0.198675698,0.19915959,0.170095925,0.153463136,0.168114903,0.168670587,0.144714415,0.140340206,0.135465117,0.154806332,0.155776843,0.134015393,0.25608446,0.210811847,0.101435706,0.241005758,0.210239443,0.26146696,0.228182857,0.207488342,0.2229637,0.230425227,0.245190699,0.229868033,0.229499995,0.189696467,0.220503803,0.241999217,0.254363959,0.288446057,0.096109428,0.158066274,0.108072443,0.10635532,0.136629254,0.103655643,0.095969492,0.095117033,0.10241703,0.183217197,0.167337739,0.163086488,0.175794956,0.166415866,0.149649967,0.121502783,0.103503253,0.164668286,0.162835865,0.153779062,0.182973875,0.239522944,0.230871734,0.177661853,0.167145068,0.242630807,0.227691079,0.252904986,0.233322617,0.288184994,0.260401072,0.282031549,0.326058219,0.263819879,0.210865478,0.157139394,0.161722395,0.283702324,0.120195338,0.165002419,0.224168245,0.209317191,0.192838549,0.149894604,0.182405462,0.286950955,0.282028608,,
bone_BL_r7,0.28094638,0.223469865,0.842663918,1,0.116250917,0.163054817,0.132591322,0.63594308,0.576198278,0.667835798,0.64365232,0.721478362,0.704046608,0.611087425,0.649846026,0.70355085,0.706946895,0.772450519,0.732088702,0.692936899,0.585544439,0.636232578,0.64998428,0.100406931,0.077122887,0.324667681,0.335693863,0.248485334,0.364983836,0.040403426,0.035162224,0.05518215,0.047005238,0.018250316,0.02666082,0.022865168,0.231158755,0.254598865,0.297062585,0.1945771,0.15822236,0.173437059,0.156661482,0.148697114,0.18244781,0.161018308,0.139760548,0.184881579,0.173578533,0.186570221,0.183318634,0.190970584,0.1499199,0.358425444,0.335382546,0.381512809,0.210265193,0.424434617,0.244551393,0.391233381,0.382057649,0.368309056,0.374402971,0.379548426,0.369970656,0.360829292,0.353269008,0.368137945,0.352249924,0.365541517,0.359538729,0.377776837,0.370156955,0.366626628,0.203403452,0.202952583,0.182965458,0.175452508,0.214662632,0.210647368,0.206120658,0.211244793,0.201648847,0.260135588,0.225031082,0.226535997,0.180432511,0.166546712,0.176237816,0.183005857,0.157755786,0.148024088,0.147223976,0.166378982,0.169977349,0.145616811,0.27828394,0.228461136,0.108537394,0.222985895,0.217718324,0.259886935,0.229733362,0.276853972,0.288866143,0.311517087,0.234863119,0.23077416,0.228833744,0.243181367,0.310265582,0.218730763,0.233370072,0.321119243,0.098062798,0.16697729,0.112146594,0.111514451,0.142978251,0.107410192,0.099561471,0.098183423,0.108123186,0.210226532,0.192683774,0.177158115,0.190615211,0.176033361,0.159900501,0.136632566,0.116530623,0.174176102,0.176083079,0.170266868,0.216336537,0.271588653,0.258473286,0.2324948,0.175304416,0.264087795,0.241825293,0.261973628,0.240581324,0.290219624,0.252426161,0.283355926,0.324923423,0.26932917,0.238995088,0.18235518,0.170862461,0.305170297,0.127842268,0.174026158,0.226910026,0.211659643,0.20495893,0.152910933,0.193662473,0.323710099,0.325636016,,
bone_NOD_r1,0.551844471,0.809402892,0.108625287,0.116250917,1,0.928438557,0.456397749,0.071348232,0.05528459,0.079454084,0.083913631,0.087926638,0.080727253,0.078223376,0.076784168,0.073378693,0.101414989,0.090550178,0.078844346,0.095877617,0.07517299,0.082471962,0.078267742,0.1118783,0.067885773,0.313892061,0.340408764,0.287475742,0.328341697,0.050686722,0.044570351,0.047596358,0.045176906,0.010679969,0.017229699,0.010945274,0.084302925,0.080814547,0.118804871,0.100765158,0.488059729,0.670885811,0.383003354,0.08452528,0.438179151,0.475823948,0.072142186,0.498974871,0.130308604,0.436903156,0.129239763,0.135944445,0.412650779,0.086120053,0.073715189,0.106109127,0.062428148,0.104008255,0.060942546,0.085645076,0.115699309,0.111062935,0.106765392,0.109604341,0.09068325,0.106708225,0.103954314,0.106331792,0.095524012,0.11159401,0.108693875,0.094470142,0.109599954,0.112520183,0.04396677,0.040146598,0.051808272,0.049980899,0.057096204,0.05771607,0.060057805,0.056807882,0.056165892,0.066124985,0.054523325,0.053538345,0.053009706,0.050889313,0.053256751,0.047823501,0.044131121,0.041580399,0.038673631,0.043323441,0.040966279,0.037545146,0.071483709,0.055746714,0.89416153,0.048927127,0.07445822,0.077196207,0.074093848,0.071284918,0.085944546,0.082293087,0.056398707,0.05306046,0.081338844,0.076349925,0.070372985,0.051212529,0.072429252,0.383971666,0.915759719,0.078863956,0.509193464,0.980159273,0.660363993,0.81423532,0.95187564,0.908012712,0.490833341,0.04603686,0.040994137,0.045312967,0.049519756,0.04612614,0.039724196,0.038384632,0.034122424,0.048533976,0.046197598,0.043381883,0.052178124,0.081875818,0.070427829,0.432120025,0.075180021,0.070756455,0.102325449,0.101830953,0.066108047,0.21083121,0.201674874,0.08943612,0.073439928,0.078034536,0.065381425,0.048009999,0.064938193,0.288352376,0.037518103,0.067402376,0.091064065,0.071338668,0.076267811,0.048550098,0.083888305,0.074686206,0.072531123,,
bone_NOD_r2,0.667908518,0.788962028,0.153059715,0.163054817,0.928438557,1,0.533396944,0.09477431,0.081549518,0.116453587,0.123908684,0.125929207,0.115717406,0.110525754,0.11920009,0.117234054,0.115951154,0.106980194,0.106859285,0.127826009,0.110189584,0.119291742,0.115926493,0.127522337,0.0705915,0.360150376,0.384512804,0.309003078,0.357484584,0.066290747,0.070608303,0.061401921,0.058464462,0.015340171,0.032762878,0.011445625,0.097718581,0.090847251,0.125704083,0.178962165,0.403830156,0.557296677,0.339443358,0.111921574,0.410226569,0.424726671,0.100045603,0.4498998,0.172459211,0.406149303,0.164366371,0.183983078,0.390773956,0.085639173,0.073365915,0.114432235,0.066603365,0.108144967,0.066595602,0.08587082,0.126637997,0.121199533,0.113380354,0.118650037,0.115572703,0.11156445,0.108040193,0.109867832,0.118738792,0.116326755,0.110331424,0.118436382,0.113894555,0.115533433,0.046295108,0.044630388,0.057549923,0.058646403,0.059550908,0.0634564,0.065714182,0.060839661,0.056750217,0.07227572,0.058371245,0.05750305,0.058866733,0.056682563,0.058739919,0.055190933,0.048225062,0.049538679,0.042210025,0.047029897,0.047571546,0.042127913,0.077069985,0.070250654,0.770379301,0.067339101,0.080740809,0.08930179,0.079865451,0.075558864,0.084005789,0.080804022,0.070179564,0.06559776,0.083639667,0.072862082,0.070927062,0.060514741,0.074087317,0.465482165,0.923253429,0.119695753,0.606369427,0.91419883,0.822684827,0.786157286,0.925922021,0.924825689,0.580140865,0.048238594,0.046789161,0.051340192,0.054120939,0.060619027,0.043782722,0.042028881,0.052181176,0.05392024,0.055863458,0.046002786,0.064055462,0.0809773,0.063215811,0.555724923,0.087280826,0.10035268,0.12101911,0.143727411,0.080917072,0.235624212,0.272395779,0.081765229,0.12076844,0.079047113,0.067166948,0.048807558,0.076099886,0.357351065,0.060756933,0.076615626,0.101816239,0.104036544,0.081021303,0.075931619,0.082520403,0.076877338,0.073508632,,
bone_NOD_r3,0.579992281,0.413297903,0.125651749,0.132591322,0.456397749,0.533396944,1,0.079068902,0.062080409,0.091494847,0.099610939,0.096667266,0.092056556,0.083657282,0.092365931,0.085159153,0.101856228,0.091326092,0.084419877,0.100115804,0.083853078,0.093634093,0.091884611,0.104992607,0.064046313,0.279557235,0.306389448,0.258140529,0.305997813,0.052368094,0.044900336,0.051367586,0.049000172,0.010625301,0.016306733,0.010265854,0.075234577,0.067927134,0.106198661,0.082179125,0.082364468,0.109244363,0.091446899,0.083939254,0.150897249,0.126882555,0.072069742,0.143752882,0.138151276,0.155231969,0.133481841,0.14458919,0.152419433,0.075106872,0.063727906,0.107156742,0.073536121,0.089695602,0.062046589,0.075706678,0.096057856,0.100678659,0.10597141,0.103065417,0.094160076,0.097524042,0.09537252,0.096016296,0.086918199,0.100049875,0.099010409,0.100361896,0.107231917,0.109097889,0.042156732,0.038187338,0.055470785,0.050951996,0.060130537,0.064070111,0.060887005,0.058924906,0.05980293,0.066824066,0.054657964,0.052935936,0.053061445,0.049654425,0.056475621,0.053179862,0.042721315,0.035234177,0.040620916,0.042661875,0.042156223,0.037359926,0.070017503,0.060614628,0.253537256,0.069381638,0.094811719,0.094496874,0.091812673,0.081262347,0.08948997,0.088812679,0.074179809,0.072322885,0.096590185,0.09328459,0.074311926,0.060718471,0.081776478,0.386515768,0.518777537,0.069714847,0.913030518,0.455142315,0.632369555,0.818231678,0.498877575,0.536246259,0.934630683,0.043644118,0.034960642,0.04076073,0.049018364,0.034219583,0.039498164,0.031925869,0.032500193,0.043509806,0.03899156,0.045382325,0.046855123,0.066854549,0.058049196,0.430719105,0.096406164,0.069205889,0.092061177,0.107930939,0.0660318,0.189827582,0.20424172,0.068276506,0.083581702,0.066076002,0.066287215,0.050366321,0.089716159,0.260468365,0.065650266,0.090983937,0.094886322,0.065474371,0.09393592,0.074293173,0.096956114,0.064072623,0.059314927,,
brain_AJ_r1,0.185343141,0.138242434,0.6636698,0.63594308,0.071348232,0.09477431,0.079068902,1,0.811288689,0.686023777,0.701078833,0.720558184,0.70808374,0.651548437,0.790363164,0.665773392,0.853037889,0.797129788,0.669349256,0.788478267,0.680450259,0.795491992,0.805908004,0.070356321,0.059764366,0.282005832,0.304867138,0.21293641,0.329354493,0.023496261,0.016848104,0.030990595,0.02969487,0.009791887,0.005983722,0.013592947,0.12608914,0.158106234,0.192920014,0.074500472,0.148444972,0.159834524,0.144177198,0.133458644,0.162917699,0.150494071,0.136387064,0.169347353,0.161709638,0.16583287,0.181198239,0.187277239,0.133514047,0.395327915,0.374011849,0.39558929,0.189925638,0.387734927,0.219030214,0.372184375,0.3710132,0.396541276,0.385182596,0.400336513,0.381453903,0.407525115,0.390353184,0.408147301,0.358284368,0.391368248,0.398161472,0.412288817,0.390481389,0.379837354,0.189346069,0.188335983,0.174577522,0.156989635,0.194917113,0.188183186,0.185571557,0.195956992,0.170809154,0.204885095,0.201709457,0.204696168,0.176028277,0.152007062,0.166746846,0.180017395,0.149995467,0.130183109,0.131384652,0.154176648,0.159546958,0.137613836,0.21656717,0.187012893,0.06979882,0.198702391,0.173834743,0.194052135,0.185469262,0.202442149,0.185334211,0.187860985,0.186144061,0.176079204,0.156767473,0.148578377,0.198550567,0.184408909,0.186786917,0.195825579,0.046812003,0.123026486,0.056220715,0.065901359,0.068493216,0.06353916,0.055292676,0.046349101,0.055938062,0.187418862,0.172044078,0.157302608,0.18037268,0.15351715,0.144742344,0.122579221,0.095262955,0.151599391,0.143253747,0.146469828,0.163031635,0.216204135,0.224137004,0.104630528,0.187541189,0.24996939,0.242910754,0.253861174,0.236558514,0.29981894,0.245315082,0.294191936,0.309190783,0.259454179,0.262614143,0.209769841,0.193117075,0.238557576,0.165259825,0.19172686,0.211072095,0.174932243,0.169448338,0.14987153,0.172483047,0.285500704,0.282012142,,
brain_AJ_r2,0.153867989,0.168200355,0.616017127,0.576198278,0.05528459,0.081549518,0.062080409,0.811288689,1,0.626696399,0.624406591,0.643352887,0.629527596,0.608685983,0.729536663,0.60393638,0.748849904,0.684113788,0.598337723,0.68462489,0.583389372,0.731149876,0.741941317,0.052632939,0.060320842,0.259392567,0.272302087,0.189979244,0.290692942,0.01988254,0.010529794,0.027642571,0.026067276,0.006422824,0.003289402,0.009403779,0.107881328,0.134559005,0.161736334,0.071932787,0.138594268,0.146678383,0.13810267,0.125690757,0.155351168,0.14036811,0.129949224,0.158894987,0.157646859,0.158066902,0.166182289,0.177108443,0.123534498,0.36260487,0.358526607,0.364579638,0.180390532,0.348334704,0.192156437,0.340469025,0.347082409,0.371067673,0.366545286,0.371539115,0.371475157,0.364914154,0.355189844,0.367597684,0.320612795,0.347216171,0.355921829,0.382384868,0.356251307,0.34630109,0.162542154,0.209497356,0.159950186,0.146883652,0.213821148,0.176620919,0.216979131,0.185173219,0.15044341,0.182278953,0.174205269,0.179177707,0.164626617,0.148019486,0.153335519,0.164134732,0.139212992,0.117280612,0.124837192,0.140763002,0.14441538,0.129403983,0.188119464,0.26007405,0.054671119,0.172866688,0.162283329,0.170932701,0.171253021,0.185234424,0.163426332,0.162093896,0.159115627,0.159174019,0.14001048,0.133017103,0.169232952,0.160863407,0.165595267,0.167106051,0.035083618,0.105496553,0.039482209,0.04540625,0.063878509,0.042526307,0.034104789,0.032641193,0.035476008,0.166567033,0.222450288,0.142548373,0.160445643,0.145366515,0.134353515,0.117974849,0.097533222,0.138721331,0.126230865,0.131557686,0.155825074,0.18599411,0.191548407,0.089970462,0.163302208,0.234659231,0.22332508,0.230344213,0.220439567,0.274331424,0.237250723,0.262585146,0.290521702,0.236039316,0.232332103,0.330650145,0.177778735,0.201863203,0.147060978,0.170533891,0.186260276,0.16116149,0.152840202,0.148866019,0.153696264,0.268813757,0.277031206,,
brain_BL_r1,0.177794336,0.127723106,0.634599122,0.667835798,0.079454084,0.116453587,0.091494847,0.686023777,0.626696399,1,0.884231413,0.921261502,0.858507982,0.829530147,0.914691009,0.740682931,0.710758657,0.724797301,0.821251584,0.821360022,0.664223129,0.784504307,0.768245861,0.066877611,0.053277307,0.400076433,0.387921532,0.275344266,0.456855905,0.038527576,0.029414992,0.050423482,0.046676361,0.017757894,0.017947935,0.021217568,0.116732502,0.140491622,0.205907408,0.088149329,0.150790595,0.147943958,0.168606534,0.163810568,0.19786581,0.174863614,0.15470436,0.195595806,0.181532325,0.19154255,0.193761167,0.201188249,0.161222667,0.307255344,0.290516554,0.426729976,0.186037464,0.388680409,0.199429966,0.334186605,0.429243031,0.442770879,0.411266233,0.421880272,0.389451075,0.396078286,0.380644086,0.393497564,0.368991849,0.386417948,0.377550512,0.387178292,0.394345156,0.390032777,0.14001249,0.148405123,0.187717532,0.157094584,0.182227907,0.177518894,0.177669241,0.194173383,0.149296037,0.178165771,0.179034258,0.175327213,0.193425669,0.171331858,0.188419113,0.180940729,0.144276532,0.134539413,0.131359138,0.150565153,0.140507905,0.141719211,0.161006856,0.140886413,0.067472351,0.158560151,0.169579455,0.200293633,0.171785881,0.220696355,0.214436142,0.207587369,0.166732362,0.151059051,0.160967702,0.169732948,0.236631431,0.155829822,0.193554978,0.181954629,0.057273225,0.143652046,0.066733087,0.071925272,0.082296829,0.070781711,0.059646223,0.05236673,0.05973966,0.149241155,0.130194244,0.170130612,0.183970085,0.172033763,0.160121001,0.117171301,0.100301646,0.156696853,0.151389856,0.150755181,0.133776376,0.190879426,0.181142184,0.1226154,0.175862497,0.263571959,0.250144871,0.262025821,0.264532184,0.317983523,0.271708247,0.308056378,0.339013334,0.285682995,0.182306654,0.139559004,0.165852901,0.309856459,0.118126591,0.187201694,0.22780494,0.199660376,0.182570176,0.141917042,0.179994899,0.214100831,0.208448088,,
brain_BL_r2,0.191316313,0.136090614,0.702375753,0.64365232,0.083913631,0.123908684,0.099610939,0.701078833,0.624406591,0.884231413,1,0.849956211,0.795041906,0.904975418,0.870999872,0.70347043,0.727445695,0.701516995,0.746768728,0.820902856,0.803745135,0.814245348,0.806521523,0.075732166,0.056476439,0.378306099,0.377298004,0.306123979,0.442439259,0.042052335,0.03494098,0.049474697,0.050219223,0.025911029,0.01604552,0.027684622,0.149113623,0.167579684,0.217566568,0.096191405,0.146327401,0.147359937,0.160584877,0.161020912,0.188653115,0.172450157,0.155562492,0.190873474,0.17745044,0.184671042,0.202390072,0.214373489,0.158146165,0.319700814,0.300663256,0.430882792,0.194138653,0.40894195,0.207351084,0.369760286,0.439324319,0.452238793,0.421005006,0.444634969,0.418363708,0.427964275,0.418496698,0.422290109,0.415248067,0.410119276,0.421387776,0.43925078,0.411163807,0.406511462,0.150957748,0.153492126,0.193559178,0.159907958,0.195676555,0.187672898,0.18962251,0.205388876,0.153377948,0.185327107,0.189056787,0.187328199,0.191891188,0.169532138,0.190086088,0.182095627,0.155337114,0.144670937,0.136502402,0.162005072,0.15760917,0.146247761,0.204069804,0.167529003,0.073736063,0.229125368,0.195196859,0.245300856,0.210539042,0.190274575,0.197163264,0.192859084,0.222646924,0.205757576,0.201783455,0.160791878,0.201882907,0.238662793,0.241552577,0.211886166,0.063038681,0.138540064,0.072689222,0.079817183,0.087960092,0.07666467,0.068032813,0.059285234,0.067540495,0.156242573,0.142510605,0.17695456,0.190225567,0.169197024,0.162565836,0.119704129,0.106003361,0.165449804,0.159921807,0.157730967,0.136339108,0.203677868,0.196665545,0.122762498,0.192777826,0.260859537,0.245564405,0.261663817,0.259100443,0.318212192,0.273699714,0.318570469,0.363180397,0.290911748,0.196657571,0.153501128,0.178165704,0.331209854,0.141346008,0.185722832,0.227064928,0.213264275,0.192682707,0.160006965,0.192399183,0.233820216,0.231272762,,
brain_BL_r3,0.187270742,0.129815296,0.648401336,0.721478362,0.087926638,0.125929207,0.096667266,0.720558184,0.643352887,0.921261502,0.849956211,1,0.908358415,0.831360131,0.8663667,0.841125727,0.726638377,0.801599152,0.878246049,0.86021019,0.710916338,0.775942081,0.769048514,0.070753892,0.05046693,0.382594213,0.38046462,0.267494941,0.435407613,0.037845208,0.030368079,0.050767888,0.045531038,0.018227726,0.020225409,0.02174877,0.128025058,0.154075081,0.212653673,0.092415976,0.144355231,0.145187521,0.158176656,0.155848864,0.183920077,0.170661725,0.150611372,0.18966186,0.174371851,0.179332247,0.193485377,0.200918211,0.151234517,0.323291608,0.303298712,0.418027368,0.186097108,0.399075474,0.211820355,0.348882405,0.43894779,0.450676205,0.403969096,0.435568811,0.403993081,0.416693935,0.396934045,0.409173753,0.389711159,0.401239063,0.396775224,0.406099988,0.394890524,0.386835468,0.151011801,0.155044287,0.189352889,0.161994545,0.188944128,0.186268473,0.183136735,0.20155659,0.15290046,0.187460295,0.191934293,0.188109294,0.198526604,0.171558519,0.186323192,0.188256268,0.157021548,0.146635669,0.135015187,0.161173583,0.15562207,0.143406767,0.171350947,0.138892259,0.07529401,0.171661154,0.152929676,0.195532184,0.164273261,0.240420082,0.233003609,0.229064942,0.170255036,0.152935714,0.150388035,0.171230367,0.279738209,0.172736456,0.186789608,0.191015666,0.063583703,0.162062997,0.07309542,0.081336706,0.087515142,0.079018021,0.07008063,0.061236713,0.069587249,0.158990381,0.142675688,0.178059309,0.19489998,0.190805639,0.159129731,0.132198036,0.115625443,0.170238139,0.167972784,0.154419429,0.1404404,0.203093712,0.193417403,0.128527256,0.181533265,0.281898935,0.268156845,0.275679502,0.276980948,0.341891684,0.296044173,0.331660267,0.361415633,0.297603029,0.210254128,0.151449354,0.164288692,0.305536248,0.135196454,0.179741072,0.238906369,0.228279075,0.187586532,0.152709682,0.178712267,0.24261023,0.238442264,,
brain_BL_r4,0.18481313,0.120372506,0.633350225,0.704046608,0.080727253,0.115717406,0.092056556,0.70808374,0.629527596,0.858507982,0.795041906,0.908358415,1,0.777078407,0.808503937,0.810349987,0.730517626,0.791007558,0.850806231,0.846950673,0.68367869,0.746266151,0.73572263,0.067992712,0.047440133,0.375283954,0.37676281,0.262866337,0.437180159,0.037270851,0.031758045,0.048981057,0.042717031,0.018713838,0.017901268,0.021306868,0.12206069,0.152218601,0.199782229,0.089687925,0.134212606,0.136299809,0.144393748,0.142133348,0.167099937,0.156213211,0.13571027,0.173820653,0.159939399,0.165421039,0.184027624,0.188038442,0.139601064,0.319032852,0.286882514,0.386455798,0.17948206,0.386526271,0.205927889,0.346959236,0.41608105,0.425682207,0.382523618,0.416202891,0.385835641,0.403325745,0.382749167,0.39544489,0.382923239,0.394381536,0.388678667,0.398279226,0.382738098,0.377359605,0.14778896,0.151596118,0.173303857,0.159816456,0.18957365,0.185060906,0.179392777,0.193527798,0.154508313,0.188628809,0.191937674,0.184407299,0.191001765,0.161171364,0.175537054,0.18530248,0.15287926,0.142032502,0.130708163,0.158944155,0.152045296,0.132746674,0.175760811,0.145047754,0.072528741,0.181140238,0.1506696,0.195840945,0.160550645,0.237215004,0.228809873,0.230182826,0.184519569,0.168228835,0.151738991,0.169310453,0.269455736,0.179347382,0.191202839,0.188719612,0.059319534,0.154693835,0.070123811,0.077278648,0.079372798,0.07614786,0.067643954,0.057037849,0.067235197,0.162384667,0.136677888,0.173503157,0.191338507,0.176722029,0.153842714,0.122947097,0.106873677,0.166248802,0.166110858,0.148820247,0.151522012,0.20956528,0.197243857,0.124958397,0.183060378,0.278676969,0.26200509,0.277589929,0.263296198,0.314073121,0.284179801,0.324102083,0.354016844,0.28179752,0.211720282,0.147116638,0.163698969,0.303452541,0.134718612,0.167139279,0.216890548,0.22345281,0.193164862,0.155822914,0.17135195,0.238248456,0.242594587,,
brain_BL_r5,0.165998176,0.125437741,0.659042411,0.611087425,0.078223376,0.110525754,0.083657282,0.651548437,0.608685983,0.829530147,0.904975418,0.831360131,0.777078407,1,0.817134039,0.710370893,0.688199271,0.655267546,0.73483674,0.791131707,0.781256036,0.75115556,0.743569878,0.074973463,0.054921149,0.381851726,0.386630704,0.316512369,0.443062607,0.037744541,0.03294597,0.045408684,0.045781117,0.024738211,0.016808279,0.026161747,0.138765628,0.162683091,0.211650033,0.105197521,0.149971151,0.150635975,0.167135821,0.169195962,0.19632801,0.183461501,0.163946919,0.202644419,0.193591997,0.188610415,0.212522866,0.226948941,0.159739283,0.331806191,0.315510553,0.439521631,0.1993074,0.438732822,0.220956645,0.389897992,0.491716372,0.496479508,0.439521752,0.481597481,0.466218262,0.458010614,0.451632503,0.452521784,0.444430847,0.437414794,0.450727455,0.465877839,0.427160428,0.423544244,0.148906969,0.161673466,0.198505495,0.177173608,0.196562929,0.203185766,0.199710629,0.215058629,0.155987481,0.190174293,0.196599361,0.192087084,0.213599681,0.188402089,0.198495414,0.200814238,0.165883985,0.161261939,0.139844278,0.169845109,0.166390709,0.146613705,0.205566532,0.167310835,0.062938066,0.246849588,0.184487237,0.248022773,0.20533831,0.189249604,0.197376965,0.186965201,0.237062425,0.210403928,0.195990907,0.149320142,0.201538356,0.246806821,0.240838357,0.199477995,0.050934287,0.168971227,0.060438354,0.066255943,0.076729122,0.064360965,0.054060162,0.046473939,0.054489674,0.159754318,0.154998877,0.19290467,0.20536939,0.198749892,0.169441549,0.140199714,0.120882181,0.17927052,0.180621031,0.156670608,0.145478604,0.20114978,0.193499028,0.125212951,0.189370706,0.289897435,0.278801527,0.286571629,0.27382003,0.331456526,0.299458355,0.333249628,0.373891231,0.294103643,0.198196719,0.15774322,0.163241902,0.342255067,0.135387681,0.163770273,0.222816607,0.242930054,0.195449005,0.163126701,0.178892829,0.245077691,0.247373771,,
brain_BL_r6,0.179784449,0.133592027,0.65178037,0.649846026,0.076784168,0.11920009,0.092365931,0.790363164,0.729536663,0.914691009,0.870999872,0.8663667,0.808503937,0.817134039,1,0.6916426,0.803106128,0.720962891,0.762713923,0.827831859,0.678823998,0.87840816,0.867390993,0.065699879,0.050104063,0.37250997,0.36703919,0.262675282,0.430614817,0.036161292,0.026625727,0.045826764,0.044890333,0.016974912,0.014057336,0.019775388,0.11903976,0.146655472,0.201531928,0.087536136,0.1442574,0.145134887,0.158808236,0.150284539,0.184414205,0.164444728,0.143436373,0.183335624,0.167790497,0.18027638,0.184344952,0.191547088,0.151657508,0.3198882,0.301598152,0.417839306,0.182528571,0.383494022,0.202178596,0.343668913,0.405227042,0.423330808,0.401456748,0.409784929,0.386233267,0.390762172,0.37452772,0.388275273,0.360592496,0.382800444,0.374171553,0.384417405,0.388071344,0.382236637,0.149923288,0.155396161,0.182761196,0.151677604,0.181124384,0.17308022,0.175988699,0.189925313,0.15020557,0.182469507,0.182166117,0.181343981,0.184101829,0.164335313,0.180421732,0.174717723,0.145392214,0.130645579,0.131916123,0.150676788,0.143849172,0.141265537,0.160852641,0.140632396,0.069490802,0.163770426,0.159120612,0.194879985,0.166353719,0.188151558,0.184052433,0.177919764,0.164987257,0.149440011,0.154849077,0.146916434,0.191979769,0.159434516,0.188791477,0.18445262,0.060956588,0.143531863,0.068354689,0.073067937,0.088613409,0.070892208,0.060872293,0.056157949,0.061424726,0.155103311,0.139613891,0.167404199,0.181833068,0.169189921,0.157378978,0.119301049,0.104447411,0.157862511,0.151260679,0.15257181,0.139721095,0.192886402,0.188328536,0.115848066,0.169256409,0.264213721,0.249557826,0.265631992,0.260545287,0.310482284,0.271071424,0.308516781,0.345146964,0.283437561,0.192721833,0.149934526,0.165144921,0.292050259,0.124505531,0.182263628,0.220158695,0.194790994,0.178724629,0.14152799,0.178084835,0.236685616,0.229838939,,
brain_BL_r7,0.175326324,0.131122748,0.646761034,0.70355085,0.073378693,0.117234054,0.085159153,0.665773392,0.60393638,0.740682931,0.70347043,0.841125727,0.810349987,0.710370893,0.6916426,1,0.637601476,0.768133973,0.79870533,0.768616223,0.712149654,0.708650284,0.718325296,0.057929623,0.043600607,0.295601715,0.306063428,0.236611485,0.330770982,0.029215415,0.025010805,0.042300295,0.035907185,0.015039429,0.019170124,0.017010761,0.120451341,0.141129735,0.185462667,0.091841202,0.12835124,0.132913724,0.138539261,0.135130056,0.159075844,0.149009916,0.132417504,0.162875112,0.153956533,0.155994799,0.164927149,0.179167492,0.129896752,0.288826725,0.266477234,0.344583157,0.15626833,0.345580075,0.187570239,0.309307696,0.376297575,0.378230566,0.34188719,0.370765518,0.369952687,0.352759724,0.340395942,0.348088091,0.35489135,0.333582628,0.333379279,0.362924746,0.328740025,0.323002821,0.127417031,0.136193904,0.156897118,0.147559797,0.159271015,0.163771106,0.151955452,0.171909712,0.130635049,0.162741572,0.168701876,0.16408448,0.166714534,0.148323329,0.153839413,0.168135687,0.132725528,0.128306557,0.113782637,0.137267601,0.13788095,0.117460617,0.162969404,0.130696522,0.069604537,0.174749245,0.138685594,0.183507703,0.149615371,0.231524915,0.223242268,0.225646873,0.169182942,0.157374799,0.137161178,0.167937343,0.27503151,0.165437244,0.162120359,0.186269431,0.060810468,0.158580673,0.065325043,0.070219745,0.089437218,0.0681389,0.058635337,0.055604536,0.060305952,0.136692947,0.135779749,0.15314984,0.163109413,0.171584159,0.131993286,0.109424484,0.100853428,0.145232088,0.150584342,0.124340895,0.135775939,0.173799624,0.174022092,0.110617906,0.155290092,0.252065656,0.23415834,0.26135551,0.224743519,0.273765721,0.271672542,0.273936164,0.339914068,0.236347956,0.182096255,0.138045983,0.136999997,0.248622337,0.121413784,0.138926392,0.202817345,0.216676675,0.164790075,0.152548965,0.147828941,0.223748558,0.228414732,,
brain_BL_r8,0.22950976,0.16140544,0.719912054,0.706946895,0.101414989,0.115951154,0.101856228,0.853037889,0.748849904,0.710758657,0.727445695,0.726638377,0.730517626,0.688199271,0.803106128,0.637601476,1,0.846491556,0.673169892,0.783341529,0.639256505,0.806452579,0.798087741,0.09959129,0.089755494,0.37061096,0.381918453,0.286749776,0.415619937,0.033288112,0.02754376,0.042837399,0.041322843,0.017002731,0.011130558,0.02505621,0.217259476,0.251092703,0.280714164,0.130898626,0.2052145,0.173769818,0.161200254,0.151585709,0.188590315,0.199358999,0.149618388,0.195040745,0.216583659,0.201694648,0.214694404,0.234218011,0.163369215,0.43877614,0.393141188,0.458307311,0.249874837,0.463640083,0.26988672,0.436986381,0.438275164,0.449170748,0.46341138,0.455864627,0.418764061,0.466350685,0.462422398,0.468742846,0.397990048,0.455222453,0.478335747,0.453340482,0.465424354,0.463977086,0.215008062,0.2085967,0.211318108,0.201481148,0.246074105,0.239990864,0.235984925,0.245440659,0.224676411,0.260196447,0.251159342,0.250574147,0.21404701,0.190240802,0.213730741,0.218144164,0.184893122,0.160651788,0.166228032,0.191539566,0.194571837,0.165073145,0.295504992,0.243824809,0.080921195,0.265586594,0.261116297,0.288680756,0.277495806,0.29708197,0.319818336,0.310458911,0.268272414,0.257823199,0.266197538,0.273371112,0.307519214,0.286632103,0.295817146,0.272894497,0.054231677,0.166018556,0.06723643,0.080200004,0.0819655,0.075169927,0.067421395,0.05487753,0.066214267,0.221400151,0.185605358,0.19499403,0.223352807,0.182089928,0.182449678,0.166670109,0.135076417,0.188888959,0.182488906,0.190448491,0.257437289,0.390198057,0.420519587,0.146409182,0.293623704,0.351197198,0.350716741,0.358519643,0.343493175,0.425506513,0.346951351,0.461676977,0.401744671,0.408766808,0.335600477,0.258382196,0.258176371,0.317041793,0.207392783,0.265091179,0.309478143,0.246940136,0.275601467,0.231131993,0.313515541,0.355652523,0.358627782,,
brain_BL_r9,0.194609128,0.137494167,0.72093372,0.772450519,0.090550178,0.106980194,0.091326092,0.797129788,0.684113788,0.724797301,0.701516995,0.801599152,0.791007558,0.655267546,0.720962891,0.768133973,0.846491556,1,0.805177356,0.779959373,0.683968464,0.700894126,0.691121428,0.081888284,0.072567834,0.340599873,0.353774398,0.256153923,0.381223649,0.029144728,0.024292003,0.040441904,0.03526519,0.013283705,0.014257643,0.019816768,0.15697903,0.191432432,0.218018217,0.093023719,0.150642416,0.159318072,0.150573312,0.139768995,0.173209523,0.154816771,0.137944845,0.176156822,0.16440108,0.178526146,0.192590239,0.187264859,0.146247784,0.381694403,0.354381804,0.413433739,0.204944525,0.410943713,0.22704696,0.393541704,0.391998743,0.407064868,0.404125405,0.411395085,0.372049481,0.415093293,0.399819711,0.417856957,0.368515514,0.414583904,0.415556304,0.410576016,0.416710798,0.411931771,0.18167399,0.174401335,0.181823067,0.16549655,0.203109054,0.197527568,0.195468719,0.202511515,0.18422867,0.220976147,0.210535995,0.20802547,0.182166881,0.160851259,0.177967326,0.182365334,0.159299396,0.138062546,0.141151042,0.162524066,0.161996287,0.140410575,0.217372092,0.171748026,0.075061036,0.206481879,0.194760587,0.223587991,0.208060627,0.270340379,0.260490019,0.27234906,0.207148169,0.192120528,0.195768075,0.219987349,0.306965898,0.19349987,0.220617526,0.211713776,0.05352698,0.125483068,0.064341563,0.073990073,0.077079357,0.071573575,0.063780176,0.053765556,0.063450434,0.184215931,0.156836474,0.165853042,0.188320537,0.15829181,0.153034441,0.128378272,0.101895885,0.159727972,0.152094678,0.159833361,0.163643681,0.245261872,0.248777875,0.116503181,0.195379993,0.25405514,0.255412702,0.261483033,0.240578033,0.321347481,0.254258989,0.324689398,0.32441663,0.292790407,0.249139251,0.188280894,0.199679001,0.286783842,0.155681718,0.208206708,0.246652623,0.192070936,0.208060702,0.17364575,0.211961451,0.309852248,0.313647869,,
brain_SJL_r1,0.172081346,0.116693168,0.618057899,0.732088702,0.078844346,0.106859285,0.084419877,0.669349256,0.598337723,0.821251584,0.746768728,0.878246049,0.850806231,0.73483674,0.762713923,0.79870533,0.673169892,0.805177356,1,0.807861718,0.685115246,0.71923439,0.706049776,0.066008708,0.045144639,0.355554469,0.354930531,0.253699227,0.406418257,0.0308348,0.025209162,0.043376476,0.036782788,0.01397357,0.021410604,0.019407613,0.130627202,0.158650303,0.200709842,0.094574509,0.140961558,0.141554883,0.151617248,0.14970108,0.176759448,0.164737822,0.14557374,0.18693467,0.173853529,0.176492905,0.191927668,0.194621252,0.146936904,0.327236914,0.296149809,0.394522987,0.193207569,0.381688993,0.216177042,0.340397696,0.418780975,0.433291849,0.394023605,0.423772603,0.390540186,0.409952263,0.394674907,0.407872399,0.386836455,0.401297242,0.402193563,0.401849268,0.391383333,0.386613757,0.155510981,0.164699685,0.183389242,0.163902823,0.191979174,0.186545802,0.188830109,0.200337417,0.157382862,0.195000114,0.194530906,0.194849269,0.194236704,0.167077517,0.184081081,0.185895789,0.162222446,0.1453742,0.140767188,0.166503129,0.160674612,0.140858137,0.17199355,0.143738857,0.068615011,0.174891512,0.156354831,0.195603697,0.164814551,0.256460082,0.244710746,0.246700528,0.175809254,0.15833468,0.154756921,0.182939132,0.298245906,0.168863479,0.188454549,0.189287449,0.050691127,0.144523205,0.061830096,0.070965617,0.070080874,0.069155861,0.060707518,0.049450293,0.060407535,0.165880921,0.145832511,0.178581631,0.194708483,0.178638545,0.15591778,0.125624528,0.106064894,0.168799941,0.167119085,0.153121255,0.139374436,0.199677769,0.189224689,0.118466061,0.182419522,0.265847754,0.262069691,0.265963199,0.257225194,0.310430658,0.270612515,0.314517815,0.342950926,0.2715391,0.201589048,0.14736737,0.173809409,0.284467311,0.135771513,0.172792792,0.216554868,0.210232277,0.188995432,0.157791329,0.17451815,0.237434117,0.240201069,,
